{
  "advancedEditorSelectedIdentifier" : "ShaderGraphEditorPluginID",
  "openSceneRelativePaths" : [
    "LucidCar.usda"
  ],
  "recentIdentifiers" : {
    "DBBD55E9-4546-415B-B85C-A5572AE08F96" : [

    ]
  },
  "sceneCameraHistory" : {
    "DBBD55E9-4546-415B-B85C-A5572AE08F96" : [
      {
        "date" : 714445872.23647,
        "title" : "Untitled",
        "transform" : [
          -0.90682536,
          1.5666469e-08,
          0.42150655,
          0,
          0.16423142,
          0.92097163,
          0.35332596,
          0,
          -0.3881956,
          0.38962957,
          -0.8351605,
          0,
          -0.48952925,
          1.608708,
          -0.5508735,
          1
        ]
      },
      {
        "date" : 714444988.592628,
        "title" : "Untitled",
        "transform" : [
          -0.90682536,
          1.5666469e-08,
          0.42150655,
          0,
          0.16423142,
          0.92097163,
          0.35332596,
          0,
          -0.3881956,
          0.38962957,
          -0.8351605,
          0,
          -0.07318115,
          1.8025736,
          -0.653954,
          1
        ]
      },
      {
        "date" : 714444984.834032,
        "title" : "Untitled",
        "transform" : [
          -0.90682536,
          1.5666469e-08,
          0.42150655,
          0,
          0.16423142,
          0.92097163,
          0.35332596,
          0,
          -0.3881956,
          0.38962957,
          -0.8351605,
          0,
          0.05679524,
          1.925941,
          -1.237195,
          1
        ]
      },
      {
        "date" : 714444844.149439,
        "title" : "Untitled",
        "transform" : [
          -0.90682536,
          1.5666469e-08,
          0.42150655,
          0,
          0.16423142,
          0.92097163,
          0.35332596,
          0,
          -0.3881956,
          0.38962957,
          -0.8351605,
          0,
          0.038126945,
          1.7160101,
          -1.3264568,
          1
        ]
      },
      {
        "date" : 714444838.672247,
        "title" : "Untitled",
        "transform" : [
          -0.90682536,
          1.5666469e-08,
          0.42150655,
          0,
          0.16423142,
          0.92097163,
          0.35332596,
          0,
          -0.3881956,
          0.38962957,
          -0.8351605,
          0,
          -0.7269045,
          1.8299546,
          -0.91769946,
          1
        ]
      },
      {
        "date" : 714444833.10088,
        "title" : "Untitled",
        "transform" : [
          -0.90682536,
          1.5666469e-08,
          0.42150655,
          0,
          0.16423142,
          0.92097163,
          0.35332596,
          0,
          -0.3881956,
          0.38962957,
          -0.8351605,
          0,
          -1.6334394,
          2.4215498,
          -2.463495,
          1
        ]
      },
      {
        "date" : 714444826.528923,
        "title" : "Untitled",
        "transform" : [
          -0.90682536,
          1.5666469e-08,
          0.42150655,
          0,
          0.16423142,
          0.92097163,
          0.35332596,
          0,
          -0.3881956,
          0.38962957,
          -0.8351605,
          0,
          -0.7356924,
          1.5204859,
          -0.53208923,
          1
        ]
      },
      {
        "date" : 714444776.033558,
        "title" : "Untitled",
        "transform" : [
          -0.90682536,
          1.5666469e-08,
          0.42150655,
          0,
          0.16423142,
          0.92097163,
          0.35332596,
          0,
          -0.3881956,
          0.38962957,
          -0.8351605,
          0,
          -0.21687162,
          1.5926051,
          -0.73959947,
          1
        ]
      },
      {
        "date" : 714444770.717811,
        "title" : "Untitled",
        "transform" : [
          -0.90682536,
          1.5666469e-08,
          0.42150655,
          0,
          0.16423142,
          0.92097163,
          0.35332596,
          0,
          -0.3881956,
          0.38962957,
          -0.8351605,
          0,
          -0.14321332,
          1.3951688,
          -0.8659473,
          1
        ]
      },
      {
        "date" : 714444757.231442,
        "title" : "Untitled",
        "transform" : [
          -0.90682536,
          1.5666469e-08,
          0.42150655,
          0,
          0.16423142,
          0.92097163,
          0.35332596,
          0,
          -0.3881956,
          0.38962957,
          -0.8351605,
          0,
          -1.6452698,
          2.0379272,
          -6.280857,
          1
        ]
      }
    ]
  },
  "selectedSceneRelativePath" : "LucidCar.usda"
}