{
  "advancedEditorSelectedIdentifier" : "ProjectBrowser",
  "openSceneRelativePaths" : [
    "LucidCar.usda"
  ],
  "recentIdentifiers" : {
    "DBBD55E9-4546-415B-B85C-A5572AE08F96" : [

    ]
  },
  "sceneCameraHistory" : {
    "DBBD55E9-4546-415B-B85C-A5572AE08F96" : [
      {
        "date" : 714521379.513557,
        "title" : "Untitled",
        "transform" : [
          0.71623987,
          -1.0422617e-08,
          0.6978542,
          0,
          0.10508008,
          0.9885984,
          -0.10784854,
          0,
          -0.6898975,
          0.150576,
          0.7080737,
          0,
          -5.56715,
          2.191454,
          4.3246503,
          1
        ]
      },
      {
        "date" : 714521376.518229,
        "title" : "Untitled",
        "transform" : [
          0.99724114,
          -1.04158495e-08,
          0.07423048,
          0,
          0.01120329,
          0.98854506,
          -0.15050925,
          0,
          -0.07338015,
          0.15092564,
          0.9858178,
          0,
          -1.8889389,
          2.1937642,
          7.0376186,
          1
        ]
      },
      {
        "date" : 714521374.995725,
        "title" : "Untitled",
        "transform" : [
          0.99724114,
          -1.04158495e-08,
          0.07423048,
          0,
          0.01120329,
          0.98854506,
          -0.15050925,
          0,
          -0.07338015,
          0.15092564,
          0.9858178,
          0,
          -1.8889389,
          2.1937642,
          7.0376186,
          1
        ]
      },
      {
        "date" : 714521369.832518,
        "title" : "Untitled",
        "transform" : [
          0.99724114,
          -1.04158495e-08,
          0.07423048,
          0,
          0.01120329,
          0.98854506,
          -0.15050925,
          0,
          -0.07338015,
          0.15092564,
          0.9858178,
          0,
          -1.4652443,
          1.7433358,
          5.6000147,
          1
        ]
      },
      {
        "date" : 714521367.05364,
        "title" : "Untitled",
        "transform" : [
          0.99724114,
          -1.04158495e-08,
          0.07423048,
          0,
          0.01120329,
          0.98854506,
          -0.15050925,
          0,
          -0.07338015,
          0.15092564,
          0.9858178,
          0,
          -0.7665627,
          1.6814381,
          5.661498,
          1
        ]
      },
      {
        "date" : 714521349.081309,
        "title" : "Untitled",
        "transform" : [
          0.99724114,
          -1.04158495e-08,
          0.07423048,
          0,
          0.01120329,
          0.98854506,
          -0.15050925,
          0,
          -0.07338015,
          0.15092564,
          0.9858178,
          0,
          0.8787811,
          0.62885773,
          5.945117,
          1
        ]
      },
      {
        "date" : 714521339.465271,
        "title" : "Untitled",
        "transform" : [
          0.40969074,
          -1.2696676e-08,
          0.9122245,
          0,
          0.09494358,
          0.994569,
          -0.04264026,
          0,
          -0.90727013,
          0.10407918,
          0.40746567,
          0,
          -3.2660103,
          3.4452477,
          6.2006197,
          1
        ]
      },
      {
        "date" : 714521327.185965,
        "title" : "Untitled",
        "transform" : [
          0.33651352,
          -1.3334714e-08,
          0.94167864,
          0,
          0.051828794,
          0.99848425,
          -0.01852126,
          0,
          -0.94025123,
          0.055038724,
          0.33600342,
          0,
          -4.357746,
          1.821914,
          3.8350797,
          1
        ]
      },
      {
        "date" : 714521313.361002,
        "title" : "Untitled",
        "transform" : [
          0.33651352,
          -1.3334714e-08,
          0.94167864,
          0,
          0.051828794,
          0.99848425,
          -0.01852126,
          0,
          -0.94025123,
          0.055038724,
          0.33600342,
          0,
          -4.154811,
          1.5706744,
          2.3505864,
          1
        ]
      },
      {
        "date" : 714521312.160035,
        "title" : "Untitled",
        "transform" : [
          0.33651352,
          -1.3334714e-08,
          0.94167864,
          0,
          0.051828794,
          0.99848425,
          -0.01852126,
          0,
          -0.94025123,
          0.055038724,
          0.33600342,
          0,
          -4.32213,
          1.9041266,
          1.827749,
          1
        ]
      }
    ]
  },
  "selectedSceneRelativePath" : "LucidCar.usda"
}