{
  "advancedEditorSelectedIdentifier" : "ProjectBrowser",
  "openSceneRelativePaths" : [
    "LucidCar.usda"
  ],
  "recentIdentifiers" : {
    "DBBD55E9-4546-415B-B85C-A5572AE08F96" : [

    ]
  },
  "sceneCameraHistory" : {
    "DBBD55E9-4546-415B-B85C-A5572AE08F96" : [
      {
        "date" : 714449852.642775,
        "title" : "Untitled",
        "transform" : [
          0.9918419,
          -4.4321626e-09,
          0.12747352,
          0,
          0.026653016,
          0.9778971,
          -0.20738097,
          0,
          -0.124656014,
          0.20908672,
          0.9699195,
          0,
          1.5745988,
          2.0683641,
          5.496874,
          1
        ]
      },
      {
        "date" : 714449847.907943,
        "title" : "Untitled",
        "transform" : [
          0.83556837,
          -5.8135328e-09,
          -0.5493865,
          0,
          0.0724303,
          0.9912713,
          0.11016009,
          0,
          0.54459107,
          -0.1318385,
          0.8282749,
          0,
          4.9895377,
          0.1825586,
          3.4704902,
          1
        ]
      },
      {
        "date" : 714449708.627761,
        "title" : "Untitled",
        "transform" : [
          0.42664185,
          -6.5022574e-09,
          -0.9044207,
          0,
          -0.37344107,
          0.9107736,
          -0.17616314,
          0,
          0.8237224,
          0.41290638,
          0.3885741,
          0,
          5.2061973,
          3.1411057,
          -0.045639902,
          1
        ]
      },
      {
        "date" : 714449697.166983,
        "title" : "Untitled",
        "transform" : [
          0.79327655,
          -5.8648952e-09,
          -0.6088615,
          0,
          -0.35658622,
          0.8105563,
          -0.46459082,
          0,
          0.49351656,
          0.58566064,
          0.6429953,
          0,
          -3.048444,
          5.9975977,
          -5.5020494,
          1
        ]
      },
      {
        "date" : 714449652.34897,
        "title" : "Untitled",
        "transform" : [
          -0.90682536,
          1.5666469e-08,
          0.42150655,
          0,
          0.16423142,
          0.92097163,
          0.35332596,
          0,
          -0.3881956,
          0.38962957,
          -0.8351605,
          0,
          -3.1658895,
          5.9980025,
          -5.423233,
          1
        ]
      },
      {
        "date" : 714449600.669079,
        "title" : "Untitled",
        "transform" : [
          -0.90682536,
          1.5666469e-08,
          0.42150655,
          0,
          0.16423142,
          0.92097163,
          0.35332596,
          0,
          -0.3881956,
          0.38962957,
          -0.8351605,
          0,
          -1.3516728,
          2.56084,
          -2.3154433,
          1
        ]
      },
      {
        "date" : 714445872.23647,
        "title" : "Untitled",
        "transform" : [
          -0.90682536,
          1.5666469e-08,
          0.42150655,
          0,
          0.16423142,
          0.92097163,
          0.35332596,
          0,
          -0.3881956,
          0.38962957,
          -0.8351605,
          0,
          -0.48952925,
          1.608708,
          -0.5508735,
          1
        ]
      },
      {
        "date" : 714444988.592628,
        "title" : "Untitled",
        "transform" : [
          -0.90682536,
          1.5666469e-08,
          0.42150655,
          0,
          0.16423142,
          0.92097163,
          0.35332596,
          0,
          -0.3881956,
          0.38962957,
          -0.8351605,
          0,
          -0.07318115,
          1.8025736,
          -0.653954,
          1
        ]
      },
      {
        "date" : 714444984.834032,
        "title" : "Untitled",
        "transform" : [
          -0.90682536,
          1.5666469e-08,
          0.42150655,
          0,
          0.16423142,
          0.92097163,
          0.35332596,
          0,
          -0.3881956,
          0.38962957,
          -0.8351605,
          0,
          0.05679524,
          1.925941,
          -1.237195,
          1
        ]
      },
      {
        "date" : 714444844.149439,
        "title" : "Untitled",
        "transform" : [
          -0.90682536,
          1.5666469e-08,
          0.42150655,
          0,
          0.16423142,
          0.92097163,
          0.35332596,
          0,
          -0.3881956,
          0.38962957,
          -0.8351605,
          0,
          0.038126945,
          1.7160101,
          -1.3264568,
          1
        ]
      }
    ]
  },
  "selectedSceneRelativePath" : "LucidCar.usda"
}